# Created by Octave 3.8.0, Sun Oct 25 22:35:12 2015 EDT <Hong@Hongs-MBP>
# name: w
# type: matrix
# rows: 1024
# columns: 1
 -0.0005503527806691227
 0.007978824203681114
 0.07191018902305689
 -0.03744484875993244
 -0.0002013627605756336
 -0.02118596765204636
 0.01867121409098292
 0.000180406692804962
 -0.007672953216149061
 0.01995817605642321
 0.01964012468482953
 -0.04071955841188879
 0.003970915974331204
 0.006046111624494597
 0.04225982913232351
 -0.02047639465628887
 -0.009531134221704958
 -0.01928879416522562
 0.02561112651961393
 0.0578681428800871
 0.005655381365456269
 0.01383671265300693
 0.01847971117520076
 0.01163778297086927
 -0.01248031954064464
 0.01767225733602152
 0.0218631117538087
 0.03027759516862203
 0.0025986039117226
 0.01591875959875324
 0.0002223473023088029
 0.003829670556131954
 0.01756068915575559
 -0.04162939704296369
 0.1102346843638413
 -0.0152746458740628
 0.01491486915787128
 -0.001142754079489143
 -0.01620901665948983
 0.02684600389102087
 0.01570733673294535
 0.00918979504464763
 -0.007463631835743278
 0.04740196938668298
 0.02024862270848132
 -0.02841499877942501
 0.009623050118376723
 -0.005888228257968274
 -0.004968584473269455
 -0.0214722622000929
 0.0139393431082374
 0.01488577317638675
 0.01599125046485969
 -0.001746107414944855
 -0.01639901476911453
 0.0005364538610788316
 -0.0199321790031932
 0.03110042596335996
 0.009069561622133904
 0.01166923807325658
 0.05242487517147301
 0.01481796642428464
 0.0001092991299016313
 -0.01258800584002671
 0.004554521221618179
 -0.002913256953309265
 0.006705123222530348
 -0.009219242964944321
 -0.01552053212343059
 0.001038723022022567
 0.1590055171033586
 -0.007185012508492529
 -0.01888113266551548
 -0.01613443014870641
 -0.05521291035419616
 -0.01294872276377833
 0.001057283618445023
 0.02399993331429004
 0.01013501636611051
 0.02016423452935978
 0.008764652975368771
 -0.008585355760056311
 0.008584337719910653
 -0.001205241555262303
 0.009540410526567237
 0.01658569729360206
 0.003668548116779838
 -0.004115859673972602
 0.03795787877803078
 0.01301280122767971
 -0.01399651019421994
 0.03319624251242173
 0.0234170213574063
 -0.007104894062648356
 -0.02314006214755122
 -0.01546057135590536
 -0.04174296904730861
 0.02957023394516476
 -0.02638999106927864
 0.02250509474660046
 -0.05343695093198782
 -0.02092973280299432
 0.002934739698581603
 -0.002960665710794157
 -0.1005539100051225
 -0.004515415773105266
 -0.04780934563657355
 0.03693276038312193
 -0.1058087468057231
 0.05063635204405737
 -0.007216176706903992
 0.001990025150719479
 0.06616743347433141
 -0.002573777542399204
 -0.04203298898976553
 -0.009543190814076331
 -0.03139103795235164
 0.009143105808048849
 0.01020825403572893
 -0.00485537639977714
 -0.001728396010422109
 0.03516296248015766
 -0.01976471917131675
 -0.04862611283581127
 -0.03951210512340729
 -0.01455997903556455
 0.003129311028681326
 -0.002783177155610625
 0.003038516147555319
 0.004833922200259334
 -0.02302476188705098
 -0.007302026376894208
 -0.01295562748179037
 0.001238544597496127
 -0.002070273983414756
 0.01648816752409755
 0.01791568610413567
 -0.03730461558126748
 0.01465371380555595
 -0.03279055399844086
 0.02270178579571739
 -0.009710800013274942
 0.01819498265696236
 0.005378702294573681
 -0.03153363264981023
 -0.01174310746209591
 -0.01181201597771969
 0.02912165098502494
 -0.01504201165469738
 0.02485930311534229
 0.01561667124640299
 -0.0002088932747083814
 -0.02308030688013623
 -0.08453887906369462
 -0.02237157994239199
 -0.02879914902091797
 -0.007168977366823218
 0.01572690232292221
 -0.01345459811238185
 -0.01508253320051299
 -0.005840211389821905
 -0.006546036999708249
 0.03151839859812826
 -0.03644232366324004
 0.05683976017422541
 0.08513748701329406
 0.001076138827394171
 -0.006129953765024054
 0.004351872617908418
 0.0112218312580586
 -0.03175807906938987
 0.001440436830929464
 0.03433074672647426
 -0.004258202491869052
 0.006777823034676903
 -0.014336696092298
 -0.007370408293633655
 -0.04030350403738156
 0.06263526098267985
 -0.07339866148962167
 -0.006182777613343525
 -0.02477552934054367
 -0.01742242113643329
 0.08643033018344501
 0.01477382299192859
 0.01152075070405519
 0.009099599267841801
 0.0068768347673895
 -0.01593831603508559
 -0.01821244851279006
 0.01829693008545549
 -0.002912648112822695
 0.0196859823956375
 0.003220159740549009
 0.02229179220240904
 -0.01561515946650472
 0.02087356047985933
 0.0130340510294106
 0.01806086890138645
 -0.0149649250456005
 -0.009011881314280618
 -0.04246721164121497
 0.04433658466552061
 -0.0203863707766466
 0.0096813205338061
 -0.01588272445897788
 -0.005402762901002312
 -0.002852322982531181
 0.00690526362434678
 0.01201524095773449
 -0.001511808268598027
 0.00206775979538252
 0.0353607761289122
 0.009607870788138502
 -0.01010882642115558
 0.03240913106538065
 -0.04532580964229592
 -0.0387246657694151
 -0.01565324466366115
 -0.02284855014023826
 -0.03278651804272415
 -0.02543664507758286
 0.004159157997529661
 -0.02234793079225742
 0.02386261305915486
 -0.01547247589505059
 0.05480248399078738
 0.008798639793676715
 0.006981013037059112
 0.002985337789379359
 -0.02045643106695716
 0.006427984125807739
 0.01865629093884211
 0.01901730948257541
 -0.008296270733744126
 0.01755726321521855
 -0.002196553307441556
 0.006597978121558996
 -0.01912191215194226
 0.03791873634136257
 -0.00424855608553236
 0.01891351427222223
 -0.01122971984545126
 -0.05000320687807984
 0.01881661570728363
 -0.01314385275691878
 -0.05678186879230597
 -0.0008694485144679891
 0.04306111989689296
 -0.01301672150047552
 -0.02485339163411896
 -0.007381650819005235
 0.01501798290302546
 0.02247049908188402
 0.009557397045324687
 -0.0008445776711452362
 -0.02679256202403401
 -0.006145235618390341
 0.01622206275266062
 -0.02661845962462957
 -0.005591683347077027
 0.04220652945387499
 -0.06932264643912985
 -0.003272705108308295
 -0.03106593026945913
 -0.01153857193554398
 0.04887409761961928
 0.002443677773068946
 0.03598960348602854
 0.0009022692016307896
 -0.02721826719374663
 0.04291624945624722
 -0.001607250781342922
 -0.01064272381676859
 0.0002356068263835879
 0.02269402281462535
 -0.001316661826306436
 4.297169459920773e-05
 -0.012252791612529
 0.02752403502760875
 -8.092461439172495e-05
 -0.01141260150558633
 -0.01222814742145741
 0.002390676144555041
 -0.02080846462651596
 -0.004057661849595971
 0.01546173939642454
 0.02086604108868402
 0.01708096981390007
 0.05149430314717882
 -0.02638833704298495
 0.01216509846953457
 0.007540486598913916
 -0.03290243230886628
 0.001556930994072142
 -0.007281644319399156
 0.03019924751516836
 -0.001919296629663235
 0.005126502851685871
 0.0002575982256068756
 0.08286745850815938
 -0.003298534448453514
 0.00791350766126544
 -0.0001423937902066469
 0.01753600233525975
 -0.01860838228364851
 0.05384053998973849
 -0.01417669636950953
 0.003203224833409226
 0.0291987153811758
 0.03582899417369433
 0.01850587827435958
 0.01780720625070895
 0.01652213738413564
 0.02086427896614474
 -0.003345572648574284
 0.001733690261580604
 -0.008033825786262367
 0.01876828903188583
 -0.0884136576277014
 -0.01884391509560232
 0.005896942791717888
 0.02320445067692144
 0.01834455808401671
 -0.01152213917509687
 0.05247199270927125
 -0.01237666940737897
 0.02018081804229179
 0.04634596675663902
 0.02179299624506894
 0.01474594259147968
 -0.007154392891853404
 -0.01319255064152189
 0.01819575061437475
 0.02050401386597214
 0.03094316712356785
 -0.03609936419720344
 0.01756796666628336
 0.004845082181970012
 0.01644935319153322
 -0.04283286184501334
 0.01252503786649999
 -0.006790564854683601
 -0.0004337122319733415
 0.0007481820184715646
 -0.01632127321865245
 0.04536262294719111
 -0.01504185036736997
 -0.05664145692445473
 0.004951685987307515
 -0.0159153169582057
 -0.04457168150872053
 -0.007011521243941378
 -0.0163768741149472
 0.01453762904144197
 0.04398179964468376
 0.02275549081084872
 0.03630139965779503
 0.01863256551933536
 -0.004816950549070685
 0.04435490618551072
