# Created by Octave 4.0.0, Thu Oct 15 02:15:33 2015 EDT <Kenneth@Kenneths-MBP>
# name: w
# type: matrix
# rows: 1024
# columns: 1
 -0.0003254817779475525
 -0.0002719057409546899
 -0.0004825088859449549
 -0.001055746627677284
 -0.0002755387745739085
 -0.0007206661176398535
 -0.0001371305398441329
 0.001273011227523504
 -0.0005660098538878771
 -9.391673717771743e-05
 -0.000126817937198979
 -0.000774665751954303
 -0.0001262366206893133
 -0.0001931936173874515
 2.568291613351957e-05
 -0.0004788368044404894
 -0.0008769032226182291
 -0.0001094145099512599
 0.0003702185205983164
 0.001104630800869885
 0.000302180019981017
 -0.0001559367024349591
 8.020050993218036e-05
 4.478931473592069e-05
 -0.0004547687411612634
 -0.001366173503115668
 7.992991882362008e-07
 9.601382657911232e-05
 -0.0001584531761481161
 4.631105032380572e-06
 -0.0003979950296900981
 0.0003350586440994252
 0.0001266462310260827
 -0.0006757329256001531
 0.002242701531181724
 -0.0009456047822851852
 0.0001380184890299043
 -1.725361162154333e-05
 -0.002009264923899099
 0.0009504151699324667
 -1.890214179843519e-05
 -9.713061937904195e-05
 -0.0002863104968280651
 0.000404091587983574
 -0.0001792223560971443
 -0.0003156699525618275
 -0.0002500592851695828
 -0.001463617343412403
 -0.0004626740897910343
 -0.01151939977165423
 -0.001085133296117059
 -0.0004342482845818652
 -6.64740815728368e-05
 3.931735075575657e-05
 -0.002943763486645483
 0.0001291544452480248
 -0.0004090893166665937
 -0.0004689527981262218
 -0.0002207820771132922
 0.000126203288752039
 0.001864408884268569
 -0.0005709114365969981
 5.550164236210297e-05
 -0.002535858765737834
 -3.610073936570852e-05
 -0.003976892468502107
 0.0001456298612644739
 -0.00018541421849134
 -0.000580095247737613
 -1.280817543978596e-05
 0.005072121454637692
 -0.0004752401115733551
 -0.00036529822209256
 -0.0002287950773268402
 -0.002780766138810808
 -0.003727508725355933
 -0.001573195855244572
 -0.003967922887278915
 0.0002089219913032955
 -0.0004169367548605947
 -0.000419103614168983
 -0.0001254729404274499
 0.0001277039620030008
 3.101114299615727e-05
 -0.001116868497618593
 0.0004274405103226635
 -0.0003815816300750882
 -0.0001086113378788444
 1.91391748538237e-05
 0.0001556845503587576
 4.231060548194147e-05
 0.0001914889663841644
 -0.0001939654925655461
 -0.0001058188226659662
 -0.001240353891876102
 -0.0005897258822948519
 -0.00063407054594836
 0.0005966159174238358
 -0.0006037065405845169
 0.001185910873268134
 -0.005086027945355916
 -2.800106229453969e-05
 -3.699714335856708e-05
 -2.242491384387074e-06
 -0.00775186303902256
 -3.587989984290859e-05
 -0.001039661023328149
 -0.0004812258768226196
 -0.003260300945754594
 0.0003913579272656205
 -0.004270998831019513
 0.0001157983028489041
 0.0007716272467194803
 -0.0002260286497010837
 -0.0001826010732713568
 -0.000431439299992645
 -0.004498705489999862
 -0.0005599676031226557
 0.000187533603099367
 5.638514243394311e-05
 0.000469282279887098
 0.0004219553593165244
 -0.0004034738515031778
 -0.0009936113706514929
 -0.001119660562080791
 -0.0002688604232303471
 -0.0003068403916989995
 -0.0002463024131182435
 1.268060327678254e-05
 0.0005236103882497146
 -0.0005321679594148157
 -0.0005622669788909353
 -0.001422188985580581
 4.24075849496977e-05
 -0.0002589403720472451
 0.0003341317003461368
 0.0001464283629975448
 -0.001022895077074036
 -0.000225243918703022
 -0.0003731483351413342
 3.318170463722244e-05
 -7.696043577579659e-06
 0.0001070201320041205
 7.030448901049221e-05
 0.000962040073894016
 -0.001651305740473745
 -2.27162796626811e-05
 0.0001127847872461489
 -0.0006712941249078705
 -0.00413406715395697
 1.795384893557846e-05
 -0.000138310536758614
 -0.0004376251421701349
 -0.006405343071422286
 -0.001964496773948963
 0.0003923782439891899
 -0.0002008652620260396
 0.001052194764835884
 -0.003219434901511707
 -3.05536614627802e-05
 -0.0006691095798955839
 -0.0001070546643259678
 0.001581453792663012
 -0.001374718685005034
 -0.02065004252114794
 0.0009844657519336999
 6.065145093364622e-07
 -0.0003170469010482285
 -0.0005545929546952024
 9.911614825052281e-06
 -0.004308000879007595
 -0.0003471656175476539
 0.000982176512058122
 -0.001223033033795709
 5.608433373140204e-05
 9.265313124645021e-05
 -0.0003660340214684453
 -0.0002122401443214754
 0.0005417722997738059
 -0.002203186560039475
 -0.0001913438780293649
 -3.793751665312478e-05
 -0.0001648290357422089
 0.002711116870763249
 0.0001730653721344769
 -0.0008893909496929922
 -0.00360665726942617
 -0.0003882976059979982
 -0.0003960897550989953
 -0.0004641708161630536
 0.0001756223826083662
 -0.0001637092687000239
 -9.907107131200498e-05
 -0.0001747883709297439
 5.573444699457078e-05
 -5.380291545774381e-05
 -0.002250981172783806
 -0.0006531338754168015
 -9.584647566121134e-05
 -0.0005689106271336651
 -1.254075337043644e-06
 -0.01109002645468712
 -0.000343672725298815
 -0.005661667254417764
 -0.0002247178368590334
 -0.0004246918911806174
 -0.0003486902672624167
 -0.0004095809639262678
 -0.0003311237122457277
 0.00013078163191622
 -0.002502467405066384
 7.612627753231504e-05
 0.002836112005797724
 -3.667918895883192e-05
 -0.0005935957649786215
 -0.0002482498607382496
 -0.02688307053722241
 -0.002332796459844075
 -0.001562020621839721
 -0.0005241543663217216
 -0.00119405055143327
 -0.004309671401322321
 -0.0003906133764054917
 -0.001557642694286568
 0.0002675785655585152
 0.0001934793980037143
 0.003014946408474801
 1.348359121783514e-05
 -0.0003951231580621375
 -1.366341667893673e-05
 -0.0006249628130574164
 0.0001193560416220053
 8.244103700120124e-05
 0.0002688646201479234
 -0.001340715742174541
 0.0004088408450813276
 0.0001040012167003178
 -0.0001128812130553331
 -0.0006452697934748412
 0.0005767572914518999
 -0.0002449026317245902
 -9.085441744033669e-05
 -0.0004499870573018375
 -0.003811264770961038
 0.0009608687774589369
 -0.0009196043288809431
 -0.002419039080451412
 -0.0005289845386240823
 0.0008117103156276308
 -6.760219315036595e-05
 -0.0005987111025916785
 0.0001071945468294146
 0.0001245122345211989
 0.0002598297547605174
 -4.195251370116938e-05
 -0.0005633850910766204
 -0.0007696205248934193
 9.051727955538763e-06
 -5.234786139765978e-05
 -0.0005540442528672728
 -0.0006173005265142883
 0.0001792831982863634
 -0.02554143207068351
 -0.0002888752672551901
 -0.0007728457857365858
 -0.0003515367117871726
 0.00100348584903868
 -0.0003518036306241096
 0.0002258721657017567
 0.0001493392931303624
 -0.0005027595151859938
 -0.0025473602867086
 9.50751909340849e-05
 -9.729811772206761e-05
 -0.0002860663334511583
 -2.566514467994144e-05
 -4.895239600079685e-07
 -0.0002255235698292686
 0.0003314258123332339
 -0.0001951775037134381
 -0.0002369535771986311
 -0.0002348383846032565
 -0.0005998196882960362
 -0.0001292739232871604
 -0.0008503174088826324
 -1.117099873267947e-05
 5.902255683749925e-05
 -0.001437064994031085
 -0.0001080120815473788
 0.0005550726036953969
 -0.0004323985998644093
 0.000117189353561793
 7.441786998402525e-05
 -0.0007407242878655539
 -1.865541054057621e-05
 0.002776346854653571
 0.001021452389982683
 -0.000242556698068745
 -0.0001894834056993559
 0.0001413874133095801
 0.004625619886636889
 -6.466610298787709e-05
 -0.004706715572437611
 9.640824546693323e-05
 0.0001948256924155655
 -0.0005590743116020838
 0.0006104419391043175
 -0.0003424965965157232
 2.419676296613571e-05
 -0.0005083894070091938
 0.0008847974434296302
 -0.001661666989307862
 -2.125573338598557e-05
 7.338197675234645e-05
 0.0002720881199819197
 8.959306436434143e-05
 -7.218850604597956e-05
 -0.0004553094220147272
 0.0003920315914019776
 -0.04230978603565223
 -0.0001292254826405198
 0.0002836105767732104
 0.0003899452395682696
 -0.0001678184035061356
 -0.005415326065130968
 0.0005426066629145931
 -6.430477561673359e-05
 -0.003172229150169866
 0.000168345785314208
 -0.0001994328464599783
 0.0002919003841758861
 -0.0005182361105404315
 -0.002413173301318568
 -0.0004924681246906833
 9.601094168590469e-06
 0.0001861838925251101
 -0.005158069866433397
