# Created by Octave 3.8.0, Fri Oct 23 02:19:33 2015 EDT <Hong@Hongs-MBP>
# name: w
# type: matrix
# rows: 1024
# columns: 1
 0.1233150819698747
 0.02191481666135897
 3.119161095795307
 -0.8990595219378804
 -0.1167414818743421
 -1.082744156279082
 0.5324283925137755
 2.286401154182114
 -0.2613588125093263
 0.3819003698362282
 1.07998246934538
 -1.537405621625624
 0.5778511579734109
 0.02261805720736278
 0.6424383680949631
 -0.2016510575895286
 -0.6564851799562693
 0.09987253710334459
 1.775788587561107
 4.03698121338778
 1.494511986609608
 0.5899992159475711
 0.899866207178844
 0.6209109330915733
 -0.2145554651387749
 -0.5511302835553502
 0.8058259644388663
 0.7374358363545971
 0.2466009086782958
 0.313038749190664
 -0.5160554619367118
 1.427231380755626
 0.5524324940789668
 -2.837847780433377
 7.626028642078361
 -0.4356008809774344
 1.108743782481692
 0.677776483285579
 -1.38508679641283
 3.115182722548512
 0.650365055012652
 0.2004378289728405
 -0.1855341812287293
 2.239145851298483
 1.306825993986769
 -0.147977711594572
 0.1906862279748522
 -1.602245574610649
 -0.1692201794635896
 -0.2683447907918488
 0.3977897052588804
 0.854233217151549
 0.7583162847531604
 2.291143243223992
 -2.229827687565973
 1.143204757334479
 -0.6201290520409231
 2.243107614599396
 0.3351871873559756
 1.861950766045922
 4.166642987628587
 -0.2705862689120278
 1.036009569597868
 -1.855760380956402
 0.3661650140440257
 1.157368943160446
 0.9332060357538186
 -0.2058539798323195
 0.05269289330262994
 0.3970066130452446
 20.5523217370945
 -0.6322377984192425
 -0.7600664900524938
 -0.1380953568073712
 -6.020876114747936
 -2.30801518161131
 -1.095225569635235
 0.9979530389949784
 1.043819874367205
 0.4497766288861495
 0.01631438975698127
 -0.0139338878445197
 0.8042033220220496
 0.1571123857124153
 -0.1592709057387625
 2.176205238386716
 0.2776078964300875
 0.2365880616679513
 1.413681111512589
 1.053024256515096
 0.09877368403405004
 1.056341216731913
 0.3760819654129383
 0.2541693936514423
 -0.4538697214273214
 -0.5813181585248188
 -0.6632384174199888
 2.307477551799602
 -1.050380900851318
 0.8198814878511672
 -5.794871665955394
 0.2166660602720414
 1.242789468917963
 1.401152529927482
 -9.24246329881807
 0.2411006490964773
 -1.40705982816314
 1.042514125119755
 -5.668769574715764
 3.048365252275308
 0.002620579648741316
 1.241345149867737
 4.521053144729358
 0.4407702844507157
 -0.04089872476454293
 -0.07303072056257676
 -4.915865075626523
 -0.6759034311234126
 0.8062746511900268
 0.6753305649703557
 1.612713596933611
 1.721379883768758
 -0.3884213702409754
 -0.9175928263338363
 -2.199560681072653
 0.1239228126753679
 0.1831061925908636
 -0.3073260706598449
 -0.08883570724817244
 0.6664836131122547
 -1.24017019307977
 -0.5537537183917195
 -1.524590917108585
 0.8023132688516242
 -0.3605469800454185
 1.42018524946056
 1.444831810697869
 -1.519485538970234
 0.1637124699375664
 -0.2038062264117413
 0.8284132450552038
 0.3573384280011764
 0.7831357582583699
 0.7004272521909471
 0.7259949471182917
 -0.7955861661185777
 0.2615024384121196
 1.368673078880928
 -0.8114838946348826
 2.010469572054589
 0.4935545362527324
 0.871465336936713
 -0.8104613308408862
 -8.789893203354678
 -2.939785868467792
 0.7585459961130028
 0.00383760086672119
 4.187784919340719
 -2.095300896322796
 0.6955739215236814
 1.103902905287331
 0.3432047407554356
 4.578193989597381
 -1.32911344448977
 2.24920303826394
 4.013558399984072
 1.228185364807492
 0.09597104679296536
 0.1976345589611903
 0.5211056448749072
 -3.202392084401751
 0.3387310645682596
 3.030796522588767
 -0.5730977245314849
 0.5465852229473925
 0.3612628378786003
 0.02715070982847595
 -0.205745980080997
 5.189024514163957
 -2.957715491003185
 0.2419082674368971
 0.3936556751262714
 0.9946304911134138
 7.544842898657489
 1.050935743829096
 0.008119205543675493
 0.9605149757249875
 -0.150070747847969
 -0.6421445024426738
 -0.5042829784988375
 1.090236106674239
 0.6162568839175716
 0.6056257177960005
 0.6436884942418133
 3.622487621544736
 0.04337205740366412
 -1.777497556861483
 -0.4206983778863317
 0.3653128514869784
 -0.8615583784900138
 0.32106111012191
 -2.610695358758759
 1.189669351786896
 -2.554096675555794
 0.973437835853899
 -0.722391879659764
 1.266874334919348
 0.5558472488099724
 -0.1355091527724019
 0.8963901535784489
 -1.770595656996919
 0.8503273669705741
 4.264616061383665
 0.6047420488299847
 0.4062957300381861
 1.310564088080111
 -5.791256199960285
 -1.5691697306229
 -1.469257086889485
 -0.4559344520115215
 -1.566200011445152
 -3.547194518172069
 -0.2379471527146416
 -0.6031785553948172
 1.477513885669705
 0.9721499926612975
 5.952548729302933
 0.4231982287844974
 0.4615784149057126
 0.9874589856740431
 -0.7921173709384101
 0.868972501115959
 1.063278126321559
 1.707678022031928
 -0.8221523581366491
 2.317167023538834
 1.434125339446214
 0.3262291821991515
 -1.051502959985442
 2.328854339492192
 0.6503710549170552
 0.6104779672970485
 -0.05838198821627198
 -2.402303263984016
 3.528274968124382
 -0.3606550108596684
 -3.184374877271291
 -0.5774134922461762
 3.119331234029589
 0.3467811440636391
 -1.432306937803844
 0.7713989264595853
 1.561978097265019
 1.503393840041673
 0.4487146883377775
 -0.8797039055500061
 -0.8530059508679594
 0.5303372530261901
 0.7851880698708568
 -1.092209694829713
 -0.5680954390205154
 2.064301077546525
 -9.788715946539224
 0.3060231709137951
 -0.8644654971823544
 0.5631125017737133
 3.489942818673419
 0.08928067322199477
 1.656239531565957
 0.7669626860768797
 -0.6632610510886399
 1.611951558563675
 0.7937113113830603
 0.596041907560518
 -0.04958109793124776
 1.173893819660152
 0.361418560521891
 0.7548744486311944
 0.8558181990515359
 0.5771214829701078
 -0.1311514069743984
 0.1914311659250887
 -0.5466054731108598
 0.6368380599979654
 -0.6030755405865453
 0.2093078283194556
 1.230284710964196
 -1.159655135711061
 0.2796478154836202
 3.60742650613382
 -0.7163184562673032
 0.8723548245855195
 0.8596772733079115
 -1.081908520310074
 0.625181376648288
 0.6029390439044252
 2.391163478186359
 0.06729025702013718
 0.006234040720740239
 -0.5717525960104634
 9.502664963414274
 0.442449326589893
 0.3302796493815112
 1.627034104222537
 1.246142955449608
 -0.2935003720989325
 2.414782037177955
 -1.750704996295458
 1.176358002239092
 0.1864222630840977
 4.608831123490263
 0.4473333509088295
 3.155559691352697
 0.5979425099222807
 1.560372728302816
 0.5058039259003196
 0.5374557825322758
 -0.2555070379480427
 1.78600303584517
 -17.29068045093244
 0.1027278600956284
 0.2843040198820764
 2.176691109229163
 2.048635433663787
 -1.228224370018817
 4.110958414504462
 0.1734136524253213
 0.6703508305220341
 1.787145080639746
 0.9022144518126902
 1.944239007036096
 -1.443766076739394
 -1.182350522432056
 1.505760863647113
 1.189230046339941
 2.05251143906127
 -5.504792019762782
 2.850581257443682
 0.2059010366277329
 0.6820650012991875
 -0.8277139757634037
 0.8212346451855884
 0.466815955104985
 0.230348605082526
 0.2884787816273336
 -1.451943176773625
 4.948121552664801
 -0.4167732041757515
 -3.119813906871251
 0.08793496351492978
 -0.38243069686896
 -0.8600221309336578
 0.03173273074321935
 -1.438647016170992
 1.999278523125463
 2.460683021192526
 1.096104953674836
 0.519359833991313
 1.218670111377959
 -0.9919011794446362
 4.201090344004472
 0.4439041369125363
 -0.08209903549352905
 0.8349242798977198
 0.7420997399150021
 0.6391100651483523
 -0.3282465476296939
 0.8117728830320825
 -0.2694350376857908
 0.1713157191258681
 -1.18955262548638
 -0.9627697081852027
 -1.674397676300304
 -1.649531155288215
 -0.09485050215133788
 -0.1275652451270292
 0.2868206526961415
 2.98812011344009
 0.6870263210771207
 -0.1259417122155392
 2.859790158441788
 2.500209571995754
 -1.684166502037458
 0.4720507220773541
 0.282718001570416
 0.3582137804916331
 0.8990794744711555
 -0.3956698835629902
 1.675562614324789
 0.8334000060628353
 0.9521684337985524
 -0.2350500922593222
 0.2379327438219058
 -2.816053373030871
 -2.487573430684453
