# Created by Octave 3.8.0, Thu Oct 15 00:41:07 2015 EDT <Hong@Hongs-MBP>
# name: w
# type: matrix
# rows: 1024
# columns: 1
 0.02729538637051946
 0.07534722155237479
 0.6528397116051208
 -0.292751389425184
 -0.002211965648775947
 -0.2804423811507242
 0.1286422045370352
 0.911950910202432
 -0.08653596914283183
 0.1442310304372904
 0.2204811442933795
 -0.2825038549471516
 0.1425349956311749
 0.006233278922515862
 0.1649647111351987
 -0.04009624093507366
 -0.1110388987154886
 0.05453259244787177
 0.4937004353186903
 1.100527063726167
 0.4610404832007153
 0.1568374367432613
 0.1973367795685659
 0.163424891488439
 0.0244914638871668
 -0.2648699368844546
 0.2074307702026909
 0.209469220944688
 0.09288032219793504
 0.1449048063444653
 -0.07337037606419981
 0.3714027939691193
 0.201229617110799
 -0.6095147630075233
 2.101333616563807
 -0.1994169277264918
 0.2283756195787111
 0.1597961871614377
 -0.3302582184223943
 0.8305030379389003
 0.1619729731154512
 0.1473683561563106
 -0.01196709244143672
 0.5651883511497136
 0.3624329868225237
 0.118537269059388
 0.05199113840316355
 -0.4519090121158628
 -0.07379207546293672
 -0.01758833444638224
 -0.05956194390953846
 0.1451323275657104
 0.191142284929842
 1.115046939146211
 -0.6803327781253986
 0.3780363972996624
 -0.1208953722194423
 0.396265138521914
 0.06793854409863868
 0.5105808186834921
 1.523556418429326
 -0.0621619382843395
 0.2064952646609871
 -0.738396031653203
 0.1043170828297529
 0.4116379181186941
 0.2592887833224716
 0.008184622245068907
 -0.03916388206250408
 0.1584604128677302
 6.055146665130015
 -0.113008132099656
 -0.1631495210780541
 -0.02489458439868319
 -1.421660200174871
 -0.8920607836802533
 -0.431161490937977
 0.08307984651401229
 0.3026102320817987
 0.1634318263902695
 -0.001644044096061845
 0.05127832677604563
 0.2149439674648972
 0.1096435272947033
 -0.06095389990143964
 0.5265630830637564
 0.0282259379370061
 0.119145675953165
 0.3602922969528366
 0.3838712141386749
 0.1372095023788932
 0.3684844567719405
 0.1514413378110837
 0.08529834061107563
 -0.2351451526624629
 -0.1442665867246055
 -0.1554386160907244
 0.6621864330601683
 -0.2391639336460794
 0.6397616291152184
 -1.692211568567701
 0.1055522874143775
 0.2441583955153098
 0.3662709639478064
 -2.78826025080158
 0.1422454488684542
 -0.401922856653893
 0.2783506332998337
 -1.183735199064398
 0.6221254189100349
 -0.1791226525981456
 0.3215028284176472
 1.00347237116712
 0.06630651586136264
 0.04295334240221416
 -0.03605492375091785
 -1.560145776146916
 -0.1388335428570341
 0.2681916065676489
 0.1970778834819494
 0.4728513157312337
 0.4662914044656173
 -0.07739246833935481
 -0.3181376961445525
 -0.4950615813885788
 0.03122324325404589
 0.00822778987130017
 -0.004459760596560403
 0.1110159280123868
 0.4138723384118853
 -0.2082041376127098
 -0.1326678140336278
 -0.4178084603439416
 0.2384802612528385
 -0.03154403520728766
 0.3672594024337973
 0.2851031704058807
 -0.4046536275384958
 0.03847662025182159
 -0.04054479142937444
 0.2209205237571789
 0.1298023874920543
 0.2283272508260248
 0.2177171696604253
 0.6224089000900553
 -0.4248292209271413
 0.139498366110254
 0.3344489222646178
 -0.206621195372952
 0.2576533809588821
 0.1803635649220379
 0.301090664964164
 -0.1575336737343018
 -2.487276406655558
 -0.6808338665547533
 0.3498708813070608
 -0.01046077160322988
 1.120919147887368
 -0.8158687169123653
 0.1569213388529442
 0.2628457837784077
 0.1683298075217385
 1.482906900342799
 -0.2906862806647647
 -0.2875065590738532
 1.197321769688319
 0.3024538805154386
 0.07403878498106299
 0.03855253633940751
 0.1886993885124797
 -1.282395451153854
 0.06618662489262647
 0.982710162413084
 -0.2389932364168593
 0.147963587988353
 0.1352022649256054
 0.01674066574085914
 -0.005648125737224709
 1.523235729152056
 -0.7784054804783247
 0.04972651543239973
 0.1058690953114882
 0.1693895826360733
 2.32767684499432
 0.2804378603527138
 -0.0168863270057158
 -0.148901037621363
 -0.01914217945134672
 -0.1207851911967724
 -0.1210024389706043
 0.2851978756248873
 0.1598956512619619
 0.1402117781089194
 0.1055296549499819
 0.8337151818298589
 0.08953869052215954
 -0.5996314532839283
 -0.1398805848504636
 0.09407347115401717
 -0.1403694318639478
 0.135843674856033
 -1.049004942923793
 0.2426419676562293
 -1.014003836399515
 0.2739886752288669
 -0.1231173614886832
 0.212152647375533
 0.2005552780199233
 -0.04077693275028708
 0.2785956530754724
 -0.7454331068486953
 0.1993396833356153
 1.706943286039808
 0.1718888853584187
 0.1072326038170407
 0.3534148726061382
 -2.699322088851253
 -0.3337478047448755
 -0.3868937338529037
 -0.1052918354219479
 -0.3798639332189455
 -1.077704808191162
 -0.03480767776172633
 -0.259368910889697
 0.4332060437095486
 0.4509760915634572
 2.210496975948768
 0.1279550183626965
 0.1558027163931448
 0.2768331669121037
 -0.06396743187774145
 0.2156000301788336
 0.2743138554782478
 0.4252865612063283
 -0.1963770380942824
 0.7684771250628739
 0.3411489442192955
 0.148061590802248
 -0.223752355172844
 0.6639935962832334
 0.2089993426258097
 0.1735832845823726
 0.01432980382727635
 -0.7474844721368871
 0.9654657713380889
 -0.1671210282536068
 -0.8409343881828112
 -0.08161775410310923
 0.8540135908220643
 0.15751402136114
 -0.2321157751372642
 0.2472116632714141
 0.3720188535862445
 0.4816597094751959
 0.152038538559917
 -0.2051634836864909
 -0.1978234785165099
 0.1235941780644056
 0.263890776427758
 -0.2255248183379711
 -0.1250932509656943
 0.5041438179943188
 -5.469011840883708
 0.1306337211169004
 -0.2149219888854512
 0.1537063000943801
 0.9881388097835332
 0.02969610538288416
 0.368499846015489
 0.226209664587816
 -0.06910735526408121
 0.03019272710509415
 0.2377061117561394
 0.1275460816602518
 0.03755613042787351
 0.3017410892585254
 0.1281967988832934
 0.170289307270887
 0.4105571348710197
 0.1323843468126865
 -0.0173873284028282
 0.04850128377991742
 -0.133074707233462
 0.1166993834727944
 -0.1680906699167575
 0.1109849482084578
 0.2737604673375465
 -0.4030060257146941
 0.06893646940505894
 0.9053075338796885
 -0.1139851326086122
 0.232219716367985
 0.206353280394588
 -0.2059241517063921
 0.1821936352776271
 1.024330215075327
 0.8464109445792268
 -0.01577584143397493
 0.007337806986851199
 0.03649243448651891
 3.469716020097116
 0.1786503948368654
 0.9892943930009842
 0.3937980781532595
 0.2869736381162942
 -0.1159930233184175
 0.6738240364915492
 -0.3766829231440765
 0.2763918271821991
 0.0476299105604273
 1.194572722163762
 0.06068649690863025
 0.8236137287150235
 0.1670850466624065
 0.514655659839803
 0.163674967648488
 0.1904219744959205
 -0.04741417714663564
 0.4411326259519543
 -6.716483760121998
 0.05014141073301104
 0.2508660381257123
 0.6425464280166239
 0.465644875255224
 -0.4311077701438941
 1.263043423594219
 0.07858821305948881
 0.3356188564480538
 0.3981383540665973
 0.1434388632193437
 0.5614690185484162
 -0.3352259920302854
 -0.2808611913528672
 0.2707254275941006
 0.2466459864823824
 0.4163425211959768
 -1.725050336741686
 0.7743911753229009
 0.03826562517506085
 0.2084933624466664
 -0.1397559479187303
 0.1992505584587728
 0.06215993764456226
 -0.07245440290135911
 0.0934688252367416
 -0.2165142776301171
 0.9869709762277243
 -0.1115889732069808
 -0.4909698306885308
 0.1139782452220247
 0.2667490094331418
 -0.1918753440831652
 0.02545181116543552
 -0.3471104474569171
 0.5462677283783427
 0.5247548593833867
 0.3173024495615522
 -0.04190896185076764
 0.402077592664545
 -0.176133081807498
 1.305404760774453
 0.1859295099741569
 0.05208007798439876
 0.2410624822032519
 0.1691592103479238
 0.1839238411968037
 0.0361654479029612
 0.2260530080702107
 0.003104729971115726
 0.04606456268634652
 -0.3030337354348334
 -0.21921919841361
 -0.4330048794292202
 -0.4831272217771621
 -0.05054194792317878
 0.1385598225178463
 -0.0004177337227418042
 1.488601628377882
 0.1643664626238922
 -0.01877833084249926
 0.5191737082400181
 0.7972961769796262
 -0.4280518204154071
 0.1086771885384561
 0.1336443540345248
 0.1073337390069894
